0.00588655 -0.01835
-0.00337307 0.0116614
-0.00885432 0.0312243
-0.00196014 0.00704565
0.00891764 -0.0352638
0.00706869 -0.0293544
-0.00719272 0.0327139
-0.0116918 0.0564229
0.00524709 -0.0277381
0.0184792 -0.105062
-0.00442479 0.0270786
-0.0497205 0.339242
-0.0659081 0.501042
-0.0348527 0.299006
0.00065128 -0.00622676
0.00914255 -0.10478
0.00091223 -0.0119489
-0.00345821 0.0609126
-0.00107891 0.0240494
0.00084322 -0.035701
0.000302455 -0.0316096
1.04755e-005 0.0137056
0.000575172 0.0320094
0.000233249 0.00679213
-0.00106069 -0.0222866
-0.0012878 -0.0208474
0.000333614 0.0034428
0.00196691 0.0204432
0.00157341 0.0143325
-0.000567051 -0.00477379
-0.00229808 -0.0170684
-0.00190048 -0.0130426
0.000270464 0.00123625
0.00232191 0.0129569
0.00265011 0.0139313
0.00105403 0.00524262
-0.00131147 -0.0059064
-0.00287881 -0.0123279
-0.00275358 -0.011151
-0.00111688 -0.00435634
0.0010904 0.00373514
0.0028412 0.00924737
0.00339438 0.0104901
0.00267011 0.00787988
0.0010956 0.00302169
-0.000786797 -0.00225904
-0.00244044 -0.00643613
-0.00344357 -0.00857484
-0.00360284 -0.00864864
-0.0031061 -0.00717334
-0.00221308 -0.0047974
-0.00104591 -0.00208893
0.000192717 0.000497146
0.00130681 0.00269103
0.00222911 0.00437115
0.00296254 0.00547525
0.00341799 0.00610063
0.00365635 0.00641329
0.00382094 0.00646528
0.00400134 0.00635557
0.00411316 0.00617899
0.00404901 0.00600798
0.0145651 -0.0262352
-0.00877292 0.0167331
-0.0229488 0.0449806
-0.00497804 0.0102325
0.0243066 -0.0510781
0.0194427 -0.0427034
-0.0211058 0.0477163
-0.0350022 0.0826572
0.0165653 -0.0406529
0.0602827 -0.154672
-0.0148052 0.0399888
-0.1787 0.502517
-0.252611 0.744415
-0.144012 0.445518
0.00277481 -0.00928106
0.045623 -0.156937
0.00489938 -0.0178612
-0.0238249 0.0918023
-0.00881641 0.0362178
0.0124172 -0.0541866
0.0102169 -0.0480149
-0.00418921 0.0209616
-0.00895806 0.0490474
-0.00175302 0.0105231
0.00516399 -0.0341949
0.00431724 -0.0321082
-0.000716702 0.00541017
-0.00334638 0.0318347
-0.00196307 0.0222475
0.00061921 -0.00767155
0.00166393 -0.0268697
0.000987394 -0.02041
-9.3034e-006 0.00207786
-0.000315685 0.0204281
-7.61438e-005 0.0218536
5.518e-005 0.00814363
-0.000281375 -0.00937611
-0.000794345 -0.0195662
-0.000929315 -0.0178592
-0.000445902 -0.00715893
0.000476152 0.0058354
0.00142494 0.0149509
0.00197243 0.0171375
0.00171454 0.0128922
0.000651585 0.00484012
-0.000711516 -0.0037944
-0.00184757 -0.0105163
-0.0025405 -0.0139947
-0.00274727 -0.0141974
-0.00255681 -0.0118066
-0.00196653 -0.0078735
-0.00102652 -0.00341768
0.000150614 0.000780115
0.00132096 0.00437151
0.00220078 0.00715744
0.00282924 0.00911326
0.00333393 0.0102918
0.00372674 0.0108379
0.00399283 0.0109619
0.00412596 0.0108309
0.00421146 0.0106367
0.00430911 0.0104391
0.0474964 -0.0564279
-0.0295094 0.0360008
-0.077192 0.0972673
-0.0170087 0.022108
0.0832662 -0.111595
0.0676736 -0.0935848
-0.073779 0.10512
-0.124112 0.182619
0.0595697 -0.0904045
0.219755 -0.344613
-0.0552724 0.0895328
-0.6734 1.1278
-0.967977 1.67656
-0.561834 1.00696
0.0113004 -0.0209381
0.185733 -0.357063
0.0204756 -0.040831
-0.101628 0.210205
-0.0387166 0.0831311
0.055989 -0.125039
0.0478788 -0.111207
-0.0199439 0.0484494
-0.0450735 0.114002
-0.00930553 0.0246205
0.0289373 -0.0799054
0.0260354 -0.0753627
-0.00416497 0.0127273
-0.0235434 0.0753195
-0.015746 0.0529979
0.0050589 -0.0181397
0.0170162 -0.0642412
0.012218 -0.0489739
-0.00125424 0.00511988
-0.0108836 0.0494284
-0.0107628 0.0528828
-0.00364584 0.0196251
0.0039847 -0.0229118
0.00748028 -0.0475247
0.00617099 -0.0433391
0.0021927 -0.0172831
-0.001667 0.014495
-0.00364112 0.0369123
-0.00354719 0.0424439
-0.00224463 0.0320005
-0.000751787 0.0120274
0.000269779 -0.00948651
0.000633111 -0.0262562
0.000395281 -0.035144
-0.00013211 -0.0358729
-0.000564215 -0.0300842
-0.000664281 -0.0202065
-0.000428345 -0.00883924
0.000100013 0.00206267
0.000867074 0.0112795
0.00171466 0.0184019
0.00252312 0.0233351
0.00327305 0.0263338
0.00392633 0.0278554
0.0044133 0.0283716
0.00475705 0.0282954
0.00503263 0.0278965
0.00533524 0.0273633
-0.114777 0.092004
0.0718389 -0.0591687
0.189024 -0.160588
0.0420058 -0.0367831
-0.206329 0.186001
-0.168819 0.156807
0.185332 -0.17707
0.314069 -0.309132
-0.151722 0.153783
-0.564277 0.589004
0.142943 -0.153705
1.75703 -1.94528
2.54729 -2.90468
1.49178 -1.7522
-0.0301902 0.0365724
-0.502559 0.626543
-0.0560863 0.0718223
0.280683 -0.372069
0.108166 -0.147817
-0.158209 0.223001
-0.136961 0.199159
0.0580196 -0.0870552
0.132765 -0.205659
0.0278318 -0.0445171
-0.0878729 0.145215
-0.0804276 0.137339
0.0131603 -0.0233855
0.0755104 -0.138232
0.05151 -0.0975337
-0.0169305 0.0334545
-0.0582522 0.118892
-0.0429384 0.0908745
0.00431951 -0.00956348
0.040382 -0.0924023
0.0416176 -0.0992091
0.0148559 -0.0369921
-0.0166904 0.0431877
-0.033219 0.0899784
-0.0290055 0.0822734
-0.0110553 0.0328242
0.0088366 -0.0277321
0.0214462 -0.0707066
0.0234846 -0.0815643
0.0168061 -0.0617525
0.00599478 -0.023397
-0.00433027 0.0182936
-0.0113648 0.0510901
-0.0142901 0.0686143
-0.0136544 0.0702074
-0.0106252 0.0589903
-0.00656692 0.0397678
-0.00263392 0.0174751
0.000552278 -0.00403737
0.00277781 -0.0224225
0.00392681 -0.0366812
0.00416648 -0.0466798
0.00385594 -0.0528324
0.00332199 -0.0560807
0.0026925 -0.0572874
0.00190019 -0.0572173
0.000990402 -0.0564771
8.57017e-005 -0.0555115
-0.0330414 0.0171616
0.0206637 -0.0110162
0.0547675 -0.0303785
0.012259 -0.00699748
-0.0602779 0.0359391
-0.0495174 0.0305747
0.0547099 -0.0347018
0.0930265 -0.0610906
-0.0453051 0.0306465
-0.168981 0.118149
0.0429798 -0.0310815
0.531381 -0.395521
0.774508 -0.594347
0.456044 -0.360783
-0.00931933 0.00753882
-0.155415 0.130551
-0.0173752 0.015103
0.0879343 -0.0783216
0.0341116 -0.0312909
-0.0501328 0.0474471
-0.0436022 0.0425724
0.0188294 -0.0187236
0.0430815 -0.0443923
0.00905273 -0.00960301
-0.028921 0.0316816
-0.0266203 0.0300304
0.00452073 -0.00520539
0.0255902 -0.0305643
0.017574 -0.0216552
-0.00586235 0.007433
-0.0203133 0.026584
-0.0150845 0.0204317
0.00160152 -0.00208584
0.0146101 -0.0208716
0.0152178 -0.0225439
0.00549903 -0.00842354
-0.00624398 0.00992169
-0.0126342 0.0206921
-0.0112322 0.0189756
-0.00438738 0.00759349
0.00350163 -0.00644649
0.0087346 -0.0164693
0.00975424 -0.0190465
0.00716129 -0.0144593
0.0026272 -0.00551704
-0.00201228 0.00427364
-0.00532779 0.0121089
-0.00681068 0.016382
-0.00674424 0.0167629
-0.00556054 0.0140864
-0.00367505 0.00954127
-0.00157988 0.00420396
0.000257704 -0.000969671
0.00166645 -0.00536672
0.0027172 -0.0087978
0.0033968 -0.0112837
0.00363992 -0.0128813
0.00358563 -0.0137148
0.00344157 -0.0140418
0.00324856 -0.014103
0.00300396 -0.0139801
0.00275177 -0.0137603
-0.0209025 0.00612804
0.0131597 -0.00394305
0.0349446 -0.0111799
0.00788982 -0.00266229
-0.0386642 0.0136679
-0.0319821 0.0118515
0.0352536 -0.0136625
0.0603582 -0.0244071
-0.0293705 0.012471
-0.110329 0.0485634
0.0282906 -0.0128585
0.350151 -0.166254
0.512404 -0.252692
0.302981 -0.155094
-0.00621371 0.00317007
-0.104114 0.0571346
-0.0116712 0.00667201
0.0594915 -0.034967
0.0232522 -0.0141632
-0.0341119 0.0214193
-0.0298739 0.0194205
0.0129268 -0.00861582
0.0298376 -0.020557
0.00634645 -0.0044685
-0.0202648 0.0149186
-0.0188096 0.0142565
0.00310473 -0.00244482
0.0181531 -0.0146394
0.0125315 -0.0104402
-0.00423308 0.00357012
-0.0146534 0.0129233
-0.0109276 0.00998209
0.0011826 -0.00108088
0.0107224 -0.0103458
0.0112144 -0.0112022
0.00411554 -0.00419647
-0.00466529 0.00501137
-0.00958853 0.0105052
-0.00865546 0.00967592
-0.00343546 0.00389569
0.00274182 -0.00327234
0.00694484 -0.00838136
0.00787187 -0.00975678
0.00586959 -0.0074966
0.00215327 -0.00293089
-0.00173422 0.00217437
-0.00457758 0.00633693
-0.00586404 0.0086425
-0.00581118 0.00890165
-0.00478557 0.0074923
-0.00314667 0.00507217
-0.00128708 0.00226064
0.000410512 -0.000515359
0.00169578 -0.00298442
0.00256165 -0.00493551
0.00316933 -0.00625649
0.00351595 -0.00703031
0.00363699 -0.00747145
0.00360544 -0.00771942
0.0034988 -0.00778917
0.00333086 -0.00772098
0.00318124 -0.00759885
-0.0157224 0.0013486
0.00989044 -0.000954326
0.0263681 -0.00309132
0.00587045 -0.000890964
-0.0295464 0.004203
-0.0244242 0.00395315
0.0271365 -0.00470408
0.0465185 -0.0088937
-0.0226746 0.00463147
-0.0854385 0.0189656
0.022049 -0.00510338
0.27307 -0.0687978
0.400903 -0.10737
0.237858 -0.0674635
-0.00484962 0.00146893
-0.0822952 0.0260398
-0.00932526 0.00316491
0.0472875 -0.0164425
0.0185358 -0.00679953
-0.0273698 0.0104188
-0.0240744 0.00960856
0.0104076 -0.0042687
0.0242027 -0.010398
0.00523171 -0.00229045
-0.0164398 0.00773042
-0.0153846 0.00748693
0.00251924 -0.00128592
0.0149796 -0.00783651
0.0104791 -0.00560275
-0.00341771 0.00202856
-0.0122607 0.0071908
-0.00925029 0.00563356
0.000951784 -0.000496581
0.00912321 -0.0058033
0.00967612 -0.00637915
0.00360626 -0.00243136
-0.0039766 0.00283211
-0.00827253 0.00599776
-0.00747304 0.00556456
-0.00290472 0.00229296
0.00249701 -0.00185235
0.006154 -0.00498565
0.00691747 -0.00593992
0.00512045 -0.00458683
0.00189769 -0.00173703
-0.00150536 0.00140669
-0.00412989 0.00389227
-0.00548674 0.00525127
-0.00546448 0.00544199
-0.00444185 0.00465331
-0.00292908 0.00321978
-0.00126711 0.00145414
0.000329403 -0.000358872
0.00169176 -0.00195199
0.00265423 -0.00317023
0.00321845 -0.00397307
0.00349378 -0.00454793
0.00361614 -0.00488658
0.00365256 -0.00503186
0.00358884 -0.00504561
0.0034089 -0.00501149
0.00323409 -0.00488537
-0.0126532 -0.0013645
0.00804924 0.000781246
0.0214805 0.00174908
0.00484148 0.000358038
-0.0241437 -0.00118748
-0.0201088 -0.000730295
0.0221552 0.000429722
0.0382445 0.000254076
-0.0187716 0.00015242
-0.070906 0.00157736
0.0181875 -0.000610793
0.227641 -0.0115316
0.335306 -0.0219198
0.19955 -0.0159814
-0.0041032 0.000384808
-0.0694502 0.0076371
-0.00784955 0.000992556
0.0401907 -0.00562078
0.0157447 -0.00245691
-0.0235114 0.00397051
-0.0206883 0.00378215
0.00901569 -0.00182936
0.020934 -0.00451441
0.00448312 -0.00101928
-0.0143772 0.003545
-0.0134543 0.00356381
0.00222262 -0.000537133
0.0131466 -0.00378667
0.0091657 -0.00280466
-0.00310646 0.00102056
-0.0109136 0.00374826
-0.00821156 0.00297523
0.00089947 -0.000317169
0.00820491 -0.00320715
0.00866926 -0.00356076
0.00317867 -0.00136561
-0.00369075 0.00161361
-0.00756164 0.00349855
-0.00685754 0.00329139
-0.00271306 0.00134558
0.00226162 -0.00116868
0.00571633 -0.00304734
0.00650014 -0.00360407
0.00485144 -0.00281497
0.00182564 -0.00112457
-0.00134371 0.000801964
-0.00379604 0.00243299
-0.00506161 0.00337077
-0.00513018 0.00341774
-0.00428827 0.00284916
-0.00285284 0.00196135
-0.0012094 0.00085537
0.000329456 -0.000279468
0.00152304 -0.00126549
0.00238141 -0.00203385
0.00301115 -0.00257794
0.0034864 -0.00296665
0.00374499 -0.00325409
0.00375398 -0.00340618
0.0036106 -0.00342292
0.00348089 -0.0033633
0.00342204 -0.0033786
-0.010551 -0.00335425
0.00671286 0.00204146
0.0179521 0.00516289
0.00401777 0.00115311
-0.0203256 -0.00510049
-0.0169005 -0.00397277
0.0188984 0.00425752
0.0325828 0.00676984
-0.0160067 -0.00305924
-0.0606132 -0.0106707
0.0157395 0.00259299
0.195941 0.0287756
0.28925 0.0381155
0.172529 0.0200991
-0.00365675 -0.000453912
-0.0604945 -0.00528893
-0.00689286 -0.000458416
0.0351311 0.00209864
0.0138041 0.000635717
-0.020662 -0.000605312
-0.0183026 -0.000243344
0.00781511 6.35972e-005
0.0184242 -0.00019366
0.00397398 -3.70089e-005
-0.0127165 0.000623978
-0.011854 0.000727128
0.0021356 -0.00013942
0.0119243 -0.00102231
0.00834862 -0.00077471
-0.00278172 0.000436631
-0.00991127 0.00134755
-0.00753771 0.00104266
0.000728154 -0.000172577
0.00744089 -0.00126632
0.00794574 -0.00142866
0.00294582 -0.000563933
-0.00336783 0.000717089
-0.00706351 0.00162183
-0.00640569 0.00161733
-0.00245757 0.000697297
0.00228478 -0.000610872
0.00551124 -0.00161239
0.00613696 -0.00191746
0.00449994 -0.00151738
0.00161998 -0.000641762
-0.00139213 0.000414923
-0.00367753 0.00138026
-0.00489113 0.00197238
-0.00500783 0.00214094
-0.00419309 0.00183965
-0.00276379 0.00126306
-0.0011607 0.000576183
0.000307925 -0.000106111
0.00147755 -0.000760793
0.0023998 -0.00131331
0.00310517 -0.00173077
0.00349645 -0.00199828
0.00361157 -0.00218385
0.00363571 -0.00227193
0.00361608 -0.00229856
0.00354725 -0.00232482
0.00345015 -0.00231585
-0.00887398 -0.00496321
0.00568422 0.00292633
0.0151844 0.00771933
0.00338911 0.00165569
-0.0173515 -0.00826347
-0.0144957 -0.00666123
0.0161517 0.00709102
0.028007 0.0118831
-0.0138585 -0.00556612
-0.052545 -0.0204484
0.0135396 0.00498775
0.170544 0.0606344
0.252638 0.0857624
0.151174 0.0489137
-0.00314854 -0.000965124
-0.0532449 -0.0155408
-0.00607702 -0.00168075
0.0311271 0.00810035
0.0123281 0.00299239
-0.0183204 -0.00424339
-0.0162506 -0.00345959
0.00708407 0.00149289
0.0165683 0.00313498
0.00353131 0.000649059
-0.0116003 -0.00179592
-0.0109264 -0.00157207
0.00180035 0.000201815
0.0108296 0.0012192
0.00765163 0.000730878
-0.00249267 -0.000281802
-0.00907022 -0.000696167
-0.00691906 -0.000409725
0.000741844 3.2243e-005
0.00700124 0.000145654
0.00752979 6.40861e-005
0.00286976 5.41801e-005
-0.00315347 0.000181478
-0.00667049 0.000322356
-0.00610051 0.000312492
-0.00246663 0.000111028
0.00194385 -0.000209825
0.00504324 -0.000534662
0.00576495 -0.000645322
0.00432858 -0.000504103
0.00160669 -0.000204055
-0.0013039 0.000219865
-0.00358268 0.000597661
-0.00478186 0.000874209
-0.00485066 0.00100268
-0.00400235 0.000872749
-0.0026208 0.000509873
-0.00110876 0.000124766
0.00025824 -0.00019206
0.00141008 -0.000463443
0.00239762 -0.000737509
0.0030737 -0.00101143
0.00343586 -0.00123744
0.0036245 -0.00131078
0.00374217 -0.0012829
0.00374639 -0.0013323
0.00362198 -0.00148642
0.00349049 -0.00157117
-0.0074457 -0.00623826
0.00468821 0.00388497
0.0127956 0.0102514
0.0029001 0.00236952
-0.0147281 -0.0108832
-0.0123728 -0.00896131
0.0138261 0.00959468
0.0240776 0.016241
-0.0119154 -0.00781729
-0.0454439 -0.0288364
0.0117362 0.00731862
0.148521 0.0886249
0.220792 0.12742
0.132583 0.0739814
-0.00277337 -0.00143394
-0.0470194 -0.0244075
-0.00538349 -0.00269615
0.0276828 0.0133666
0.0110013 0.00507932
-0.0163706 -0.00739296
-0.0145408 -0.00632806
0.00645493 0.00261065
0.0150001 0.00597013
0.00322884 0.00126421
-0.0104835 -0.0038077
-0.00989585 -0.00341985
0.00164928 0.000617355
0.00985799 0.00316827
0.0069693 0.00207092
-0.00232276 -0.000730394
-0.00841573 -0.00231549
-0.00649948 -0.00157811
0.000653147 0.000282693
0.00658007 0.00153637
0.00705343 0.00143993
0.00264412 0.000484266
-0.00300845 -0.000458883
-0.00627666 -0.000888827
-0.00572548 -0.000760014
-0.00231336 -0.000300287
0.00184077 0.000216632
0.00478964 0.000509922
0.00559985 0.000518134
0.00428353 0.00033785
0.00163073 0.000116258
-0.00126515 -2.72918e-005
-0.00350742 -5.4259e-005
-0.00462387 -6.64952e-005
-0.00467917 -2.54072e-005
-0.00389992 4.18124e-005
-0.00262408 8.59845e-005
-0.00114129 5.12076e-005
0.000319139 -4.34749e-005
0.00157054 -0.000163177
0.00247688 -0.000277082
0.00307538 -0.000381302
0.00347787 -0.000438778
0.00371945 -0.000492233
0.00373484 -0.000555027
0.00366992 -0.000625601
0.00361985 -0.000677062
0.00359257 -0.000716896
-0.00594237 -0.0075515
0.00388437 0.0047327
0.0105209 0.0124114
0.00242504 0.00276281
-0.0121764 -0.0135393
-0.0102749 -0.0111121
0.0116307 0.0120994
0.0202966 0.0206042
-0.0100552 -0.00988113
-0.038592 -0.0369331
0.0100988 0.00933914
0.127555 0.115118
0.190441 0.166948
0.114873 0.097799
-0.00236792 -0.00197097
-0.040997 -0.0329809
-0.00461686 -0.00373856
0.0244526 0.0183844
0.00968237 0.00712924
-0.0146503 -0.0103166
-0.0130688 -0.00895472
0.00573748 0.00382745
0.0135128 0.0087539
0.00289526 0.00189871
-0.00958325 -0.00571754
-0.00905338 -0.0052841
0.00152522 0.000768122
0.00905519 0.00485655
0.00639624 0.00336984
-0.0021718 -0.00105536
-0.00778575 -0.00379183
-0.005958 -0.00284367
0.00065038 0.000268708
0.00608614 0.00269448
0.00649078 0.00281556
0.0023941 0.00105964
-0.00288075 -0.00105495
-0.00593364 -0.00220351
-0.00540771 -0.00200609
-0.00216772 -0.000840646
0.00180701 0.00056114
0.0046658 0.00143773
0.00540174 0.00150788
0.00408717 0.00102691
0.00155762 0.000328259
-0.00118436 -0.000307142
-0.00334038 -0.000743797
-0.00449339 -0.000976038
-0.00460609 -0.000941689
-0.00392563 -0.000707789
-0.00270356 -0.000423561
-0.00118162 -0.000203852
0.000315021 -3.3008e-005
0.00150817 0.00011976
0.0023932 0.00024571
0.00303321 0.000324403
0.00346052 0.000338206
0.00367183 0.00032511
0.0037191 0.000277666
0.0036897 0.000126547
0.00361033 2.54144e-005
0.00352047 -1.88963e-005
-0.00461258 -0.00878843
0.00296998 0.00559331
0.00819512 0.0146883
0.00191364 0.00329803
-0.00959241 -0.0161134
-0.00817322 -0.0132045
0.0092792 0.0147614
0.0162994 0.0250756
-0.00829646 -0.0120084
-0.0317137 -0.0452529
0.00826567 0.0114493
0.10594 0.142329
0.159217 0.207528
0.0966437 0.12224
-0.00201218 -0.0024588
-0.0349213 -0.0416681
-0.00402176 -0.00472712
0.0209842 0.0235258
0.00838836 0.0090826
-0.0127501 -0.0135765
-0.0114916 -0.011839
0.00489184 0.00494704
0.0118483 0.0115375
0.0026575 0.00248105
-0.00843048 -0.00771694
-0.00807267 -0.00711416
0.0013882 0.00126623
0.00825452 0.00692968
0.00590018 0.00475918
-0.001947 -0.00153898
-0.00711597 -0.00544306
-0.00542882 -0.0040434
0.000663949 0.000441684
0.00562699 0.00395009
0.00601039 0.00413149
0.0022785 0.00153536
-0.00256309 -0.00164212
-0.00544694 -0.00341069
-0.00507898 -0.00308673
-0.00207335 -0.00127881
0.0017092 0.000866374
0.00445996 0.00231711
0.00513966 0.00263194
0.00385929 0.00194709
0.00146416 0.000715351
-0.00114304 -0.000589002
-0.00324515 -0.00150993
-0.00438336 -0.0019098
-0.00445983 -0.00182839
-0.00370452 -0.001388
-0.00248818 -0.000820947
-0.00109293 -0.000321714
0.000240957 0.00010811
0.00140344 0.000489009
0.00234786 0.000794945
0.00302578 0.000998525
0.00344687 0.00107475
0.00364832 0.00105473
0.00376048 0.00101292
0.0037954 0.000952662
0.00374015 0.000874049
0.00363827 0.000775173
-0.00306204 -0.0104387
0.00191461 0.00638996
0.00553388 0.0171842
0.00131516 0.00385542
-0.00677615 -0.0190928
-0.00583657 -0.0157461
0.0068074 0.0174427
0.0121093 0.0297895
-0.00610612 -0.014588
-0.0239315 -0.0545704
0.00638619 0.0138164
0.0820413 0.172639
0.124634 0.252723
0.0764763 0.149456
-0.00153806 -0.00304052
-0.028188 -0.0513546
-0.00335695 -0.0057968
0.0171587 0.0292509
0.00692022 0.0113658
-0.0105755 -0.0168785
-0.00953098 -0.0147551
0.00428721 0.0063539
0.0101653 0.014643
0.00221455 0.00305589
-0.00734134 -0.0100122
-0.00700008 -0.00925855
0.0011849 0.0016165
0.00719934 0.00902592
0.00517625 0.00620002
-0.0017287 -0.00209407
-0.00639334 -0.00724026
-0.004985 -0.00539136
0.000518646 0.000586117
0.00514213 0.00528586
0.00554462 0.00555398
0.00209229 0.00206062
-0.00243318 -0.00225935
-0.0051364 -0.00471121
-0.00476329 -0.00423068
-0.00198549 -0.00166182
0.00153959 0.00139981
0.00410685 0.00350823
0.00478026 0.00390748
0.00365475 0.00278505
0.00141524 0.000945287
-0.00102596 -0.000840614
-0.00304445 -0.00214305
-0.00421451 -0.00284636
-0.00442493 -0.00287157
-0.0037271 -0.00237216
-0.00252282 -0.00157334
-0.00110022 -0.000683925
0.000262645 0.000130449
0.00143566 0.000777557
0.00238547 0.00129048
0.0031133 0.00167818
0.00357422 0.00187139
0.00374911 0.00188082
0.00373309 0.00176844
0.00370809 0.00168259
0.00375378 0.00170558
0.00376613 0.00165571
-0.0010555 -0.0120717
0.000813248 0.00757836
0.00236753 0.0202542
0.000538283 0.00461036
-0.00336737 -0.0225854
-0.00302408 -0.0187092
0.00369148 0.0207345
0.00682854 0.0355979
-0.00359359 -0.0174556
-0.0145628 -0.0656555
0.00397674 0.0167974
0.0529109 0.209423
0.082501 0.307542
0.0518451 0.18245
-0.00109309 -0.00377552
-0.0199456 -0.0631978
-0.00240117 -0.00720974
0.0126248 0.0362423
0.00521078 0.014179
-0.00799095 -0.0210683
-0.0073808 -0.0185425
0.00324482 0.00794276
0.00792957 0.0185476
0.00170521 0.00402244
-0.00599636 -0.0126695
-0.00578752 -0.01189
0.000966083 0.00186645
0.00603536 0.011478
0.00434102 0.00802746
-0.00149287 -0.00269922
-0.00538927 -0.00948884
-0.00415993 -0.00711619
0.000514298 0.000836076
0.00452306 0.00711933
0.00492269 0.00743787
0.00184847 0.00269731
-0.00221 -0.0031151
-0.00458732 -0.00635374
-0.00417697 -0.00570981
-0.00161878 -0.00224127
0.00152608 0.0018495
0.00382304 0.00463272
0.00452577 0.00525912
0.00358975 0.00397706
0.00144488 0.00154989
-0.0010379 -0.0011389
-0.00302191 -0.00325114
-0.00407571 -0.0043034
-0.00420097 -0.00427671
-0.0035845 -0.00348376
-0.00244782 -0.00228274
-0.00103537 -0.000983963
0.000336874 0.000229919
0.00149704 0.00121652
0.00239257 0.00194161
0.00304524 0.00242268
0.00344807 0.00272191
0.00368291 0.00282131
0.00379341 0.00277068
0.00385806 0.00269556
0.00386948 0.00258607
0.00376301 0.00249695
0.00169923 -0.0144145
-0.000762476 0.00929255
-0.00192006 0.0245372
-0.000359657 0.00544666
0.00139936 -0.0275546
0.000829752 -0.0227487
-0.000605889 0.0254848
-0.000400535 0.0436438
-0.000196239 -0.0215936
-0.00176695 -0.0810452
0.000778116 0.0207569
0.0132421 0.259658
0.025115 0.382367
0.0183206 0.227511
-0.00044309 -0.00470656
-0.00874027 -0.0792075
-0.00114188 -0.00897196
0.00642262 0.0457677
0.00280971 0.0179296
-0.00449587 -0.0267455
-0.00431462 -0.0235621
0.00206052 0.010126
0.00511453 0.0236418
0.00115817 0.00504353
-0.00401824 -0.0163191
-0.00397334 -0.0152153
0.000740791 0.00261038
0.00441753 0.0149901
0.00319912 0.0103947
-0.00122263 -0.00361927
-0.00431357 -0.0125101
-0.0033831 -0.00945103
0.00035699 0.000974326
0.00362193 0.0093651
0.00401435 0.00994004
0.00149358 0.00368379
-0.00193087 -0.00417404
-0.00406491 -0.00864705
-0.00383795 -0.00786608
-0.00160098 -0.0031065
0.00131108 0.00261859
0.00347629 0.00654565
0.00404953 0.00739488
0.0030662 0.00544718
0.00118569 0.00200058
-0.000941211 -0.00156816
-0.00274216 -0.00430988
-0.00383701 -0.00571476
-0.00399189 -0.00577851
-0.00339853 -0.0048495
-0.00233039 -0.00327028
-0.00104706 -0.00136778
0.000239145 0.000413642
0.0013879 0.00183648
0.00236212 0.00288351
0.00305529 0.00359118
0.00350486 0.00404669
0.00372892 0.0041972
0.00380813 0.00417394
0.00382218 0.00411427
0.0039006 0.00404623
0.00399279 0.00394424
