0.0846745
0.0923297
0.1326
0.175104
0.216026
0.251315
0.277251
0.290989
0.290989
0.277251
0.251315
0.216026
0.175104
0.1326
0.0923297
0.0846745
0.0923297
0.100677
0.144588
0.190935
0.235557
0.274036
0.302316
0.317296
0.317296
0.302316
0.274036
0.235557
0.190935
0.144588
0.100677
0.0923297
0.1326
0.144588
0.207652
0.274214
0.338297
0.39356
0.434175
0.455689
0.455689
0.434175
0.39356
0.338297
0.274214
0.207652
0.144588
0.1326
0.175104
0.190935
0.274214
0.36211
0.446736
0.519712
0.573347
0.601756
0.601756
0.573347
0.519712
0.446736
0.36211
0.274214
0.190935
0.175104
0.216026
0.235557
0.338297
0.446736
0.551138
0.64117
0.707338
0.742387
0.742387
0.707338
0.64117
0.551138
0.446736
0.338297
0.235557
0.216026
0.251315
0.274036
0.39356
0.519712
0.64117
0.745908
0.822886
0.86366
0.86366
0.822886
0.745908
0.64117
0.519712
0.39356
0.274036
0.251315
0.277251
0.302316
0.434175
0.573347
0.707338
0.822886
0.907807
0.952789
0.952789
0.907807
0.822886
0.707338
0.573347
0.434175
0.302316
0.277251
0.290989
0.317296
0.455689
0.601756
0.742387
0.86366
0.952789
1
1
0.952789
0.86366
0.742387
0.601756
0.455689
0.317296
0.290989
0.290989
0.317296
0.455689
0.601756
0.742387
0.86366
0.952789
1
1
0.952789
0.86366
0.742387
0.601756
0.455689
0.317296
0.290989
0.277251
0.302316
0.434175
0.573347
0.707338
0.822886
0.907807
0.952789
0.952789
0.907807
0.822886
0.707338
0.573347
0.434175
0.302316
0.277251
0.251315
0.274036
0.39356
0.519712
0.64117
0.745908
0.822886
0.86366
0.86366
0.822886
0.745908
0.64117
0.519712
0.39356
0.274036
0.251315
0.216026
0.235557
0.338297
0.446736
0.551138
0.64117
0.707338
0.742387
0.742387
0.707338
0.64117
0.551138
0.446736
0.338297
0.235557
0.216026
0.175104
0.190935
0.274214
0.36211
0.446736
0.519712
0.573347
0.601756
0.601756
0.573347
0.519712
0.446736
0.36211
0.274214
0.190935
0.175104
0.1326
0.144588
0.207652
0.274214
0.338297
0.39356
0.434175
0.455689
0.455689
0.434175
0.39356
0.338297
0.274214
0.207652
0.144588
0.1326
0.0923297
0.100677
0.144588
0.190935
0.235557
0.274036
0.302316
0.317296
0.317296
0.302316
0.274036
0.235557
0.190935
0.144588
0.100677
0.0923297
0.0846745
0.0923297
0.1326
0.175104
0.216026
0.251315
0.277251
0.290989
0.290989
0.277251
0.251315
0.216026
0.175104
0.1326
0.0923297
0.0846745
